65  4  0
    1      19    36    35    17
    2      15     7    13    12
    3      20    15    13    12
    4      11     5     4     3
    5      23    31     1    37
    6       5    11     4     6
    7       8    11     4     3
    8      33    36    19    17
    9      13    20    12    14
   10      36    14    33    19
   11      11     7     4     6
   12      26    28    37    39
   13      14    36    34    19
   14      31     2    28    37
   15      17    22    38    40
   16      20    15    12    16
   17      12    15    10    16
   18      11     8     4     9
   19       7    11     4     9
   20      15    12    10     9
   21      15     7    12     9
   22       8    11    10     9
   23       7    15    11     9
   24      11    15    10     9
   25       2    27    28    37
   26      18    21    27    38
   27      12    20    16    33
   28      20    12    14    33
   29      16    18    17    38
   30      24    23    31    30
   31      23    29    25    30
   32      23    24    32    30
   33      29    23    32    30
   34      27    26    28    37
   35      21    18    16    38
   36      21    22    26    40
   37      14    19    22    17
   38      14    33    19    17
   39      26    27    38    39
   40      27    26    37    39
   41       1    31    28    37
   42      25    23    37    39
   43      23    31    30     1
   44      25    23    30     1
   45      21    26    38    40
   46      23    22    17    40
   47      26    25    28    39
   48      28    25    37    39
   49      25    23     1    37
   50      25     1    28    37
   51      27    21    26    38
   52      21    14    22    38
   53      22    14    17    38
   54      20    21    16    38
   55      20    14    21    38
   56      20    16    33    38
   57      33    16    17    38
   58      22    21    38    40
   59      26    25    39    40
   60      22    25    26    40
   61      38    26    39    40
   62      14    20    33    38
   63      14    33    17    38
   64      22    23    25    40
   65      25    23    39    40
# Generated by tetgen -p submarineCover.stl 
