40  3  0  0
   1    142.73559599999999  -25.804760000000002  -1.6303270000000001
   2    101.978104  29.784561  -55.774464000000002
   3    -117.394997  26.409697000000001  -57.119414999999996
   4    -117.394997  27.356297999999999  -10.442313
   5    -117.394997  -27.499618999999999  -56.026145999999997
   6    -117.394997  -26.553017000000001  -9.349043
   7    -72.204398999999995  -39.110816999999997  1.7914650000000001
   8    -72.204398999999995  38.967498999999997  -68.259827000000001
   9    -72.204398999999995  40.355441999999996  0.17990500000000001
  10    -50.441299000000001  39.036385000000003  -64.863022000000001
  11    -72.204398999999995  -40.498759999999997  -66.648262000000003
  12    -50.441299000000001  40.408672000000003  2.8047650000000002
  13    -50.441299000000001  -39.057586999999998  4.4163259999999998
  14    -35.052501999999997  -38.936832000000003  10.370602
  15    -50.441299000000001  -40.429873999999998  -63.251457000000002
  16    -35.052501999999997  38.940460000000002  -69.593147000000002
  17    30.787700999999998  40.529426999999998  8.7590409999999999
  18    30.787700999999998  38.940460000000002  -69.593147000000002
  19    21.1492  -25.857444999999998  81.446113999999994
  20    -35.052501999999997  -40.525803000000003  -67.981583000000001
  21    30.787700999999998  -40.525803000000003  -67.981583000000001
  22    30.787700999999998  -38.936832000000003  10.370602
  23    79.071197999999995  23.880426  9.5738769999999995
  24    136.20559700000001  24.430223000000002  36.684401999999999
  25    79.071098000000006  -25.557206999999998  10.576563
  26    59.713298999999999  -32.008057000000001  -61.451847000000001
  27    59.713298999999999  29.644069999999999  -62.702140999999997
  28    101.978104  -31.867563000000001  -54.524169999999998
  29    90.909897000000001  -23.895499999999998  40.704661999999999
  30    136.20559700000001  -23.957128999999998  37.665688000000003
  31    142.73559599999999  23.632874999999999  -2.6329129999999998
  32    90.910004000000001  24.491852000000002  39.723376999999999
  33    -35.052501999999997  40.529426999999998  8.7590409999999999
  34    -25.414100999999999  -25.857444999999998  81.446113999999994
  35    21.1492  30.342400000000001  80.306396000000007
  36    -25.414000000000001  30.342400000000001  80.306396000000007
  37    90.632242790549228  27.405396691322082  -40.331318327222277
  38    42.179056061801575  35.387399323040256  -50.915550396544219
  39    69.574440574190447  26.708001913931707  -25.883886812562771
  40    60.149146977953698  29.782374894500165  -21.451267417181793
# Generated by tetgen -p submarineCover.stl 
