70  4  0
    1       8    12     6    14
    2      19    17    16    38
    3      10    35    32    40
    4      22    25    37    39
    5      36    34    38    41
    6       9     7     3     4
    7      17    19    22    38
    8       6     7     9     4
    9       7     1     3     4
   10       1     7     2     4
   11      12     8    15    14
   12      18    13    32    40
   13      13    10    32    40
   14      21    20    37    39
   15       8     7     6     5
   16      11     8    12     6
   17      27    21    37    39
   18      25    27    37    39
   19       7     8     6     9
   20       6     8    14     9
   21      34    13    18    40
   22      17    36    16    38
   23      24    20    31    23
   24      31    20    29    23
   25      30    28    20    23
   26      30    20    24    23
   27      20    29    23    21
   28      28    20    23    21
   29      27    25    21    39
   30      34    36    10    40
   31      25    27    26    37
   32       7     1     2     5
   33       8    11    12    16
   34       8    12    15    16
   35      25    26    22    37
   36      11     8     6     5
   37      25    21    39    41
   38      25    22    38    39
   39      38    25    39    41
   40      20    34    36    41
   41      11    12    16    10
   42      12    13    15    10
   43      12    15    16    10
   44       7     6     5     4
   45       2     7     5     4
   46      27    31    26    37
   47      35    18    32    40
   48      31    27    29    37
   49      20    31    29    37
   50      29    27    21    37
   51      20    29    21    37
   52      19    25    22    38
   53      19    15    34    38
   54      15    19    16    38
   55      13    34    10    40
   56      36    34    10    38
   57      16    36    10    38
   58      15    16    10    38
   59      34    33    36    40
   60      34    18    33    40
   61      18    35    33    40
   62      13    15    10    38
   63      15    13    34    38
   64      34    13    10    38
   65      21    25    34    41
   66      19    25    38    41
   67      25    19    34    41
   68      34    19    38    41
   69      21    20    39    41
   70      20    21    34    41
# Generated by tetgen -p cubierta.stl 
