41  3  0  0
   1    112.526031  -56.572243  27.562370000000001
   2    110.48519899999999  -8.1965079999999997  27.562370000000001
   3    112.526031  -56.572249999999997  -26.357970999999999
   4    110.48519899999999  -8.1965120000000002  -26.357970999999999
   5    72.081260999999998  8.7769169999999992  40.343497999999997
   6    72.081267999999994  8.7769089999999998  -39.139122
   7    72.204391000000001  -67.455742000000001  40.343505999999998
   8    50.441315000000003  -64.058159000000003  40.343497999999997
   9    72.204407000000003  -67.455749999999995  -39.139113999999999
  10    36.455714999999998  22.367985000000001  40.343482999999999
  11    50.883262999999999  14.35989  40.343494
  12    50.883274  14.359882000000001  -39.139125999999997
  13    36.455727000000003  22.367977  -39.139136999999998
  14    50.441330000000001  -64.058166999999997  -39.139122
  15    35.052504999999996  -68.789299  -39.139122
  16    35.052498  -68.789291000000006  40.343497999999997
  17    -30.787697000000001  -68.789291000000006  40.343491
  18    -26.422913000000001  80.905135999999999  -27.503544000000002
  19    -30.787682  -68.789291000000006  -39.139130000000002
  20    -74.134438000000003  10.056149  23.681435
  21    -74.134377000000001  10.056164000000001  -25.766396
  22    -59.713295000000002  -62.088158  30.909327999999999
  23    -136.205566  37.172176  -24.715879000000001
  24    -136.20559700000001  37.172176  23.681414
  25    -59.713295000000002  -62.088164999999996  -30.755524000000001
  26    -101.978065  -55.159081  30.909319
  27    -101.97809599999999  -55.159081  -30.755533
  28    -85.973122000000004  40.211834000000003  -24.715872000000001
  29    -142.73556500000001  -2.153181  -25.766414999999999
  30    -85.973197999999996  40.211834000000003  23.681421
  31    -142.73559599999999  -2.1532079999999998  23.681415999999999
  32    25.414051000000001  80.905120999999994  -27.503537999999999
  33    -26.422920000000001  80.905135999999999  28.707878000000001
  34    -36.061363  9.5790330000000008  -39.139141000000002
  35    25.414035999999999  80.905120999999994  28.707884
  36    -36.061377999999998  9.5790410000000001  40.343479000000002
  37    -90.63221969519833  -39.767357644677674  28.21752996333127
  38    -40.827584697614746  -50.527263802406971  36.484258052098156
  39    -67.170827439724988  -24.780538916410109  27.171604400812253
  40    3.6518695528888081  55.655839637210505  32.826860003987136
  41    -57.22450265796131  -20.702133206604444  30.18144591490195
# Generated by tetgen -p cubierta.stl 
